UUUGUUCGUUCGGC-UCGCGUGA-,AAACAAG---AACGUUGUGCUUUG,0.454545,1,0.25,0.208333,0.541667,0.166667,0.083333,0.333333,0.5,0.333333,0.625,-11.6
UGAGGUAG-----UAGGUUGUGUGGUU,ACUCCAUCAAGUUAUCCGACACG----,0.663636,1,0.296296,0.333333,0.592593,0,0.074074,0.37037,0.481481,0.296296,0.518519,-24.4
AACACUGUCUGGUAAAGA--UGGCU,UUGUGACAG------UCUUGACCGA,0.669565,1,0.36,0.32,0.68,0,0,0.44,0.44,0.32,0.48,-14.14
UGGCUCAG---UUCAGCAGGAACAG,-CCGAGUCUUGAAGUCGUC------,0.590909,1,0.24,0.4,0.6,0,0,0.36,0.48,0.4,0.36,-22.8
GUCCAGUUUU---CCC-AGGAAUCCCUU,-AGGUCGAAACUUGGGCUCCUU------,0.583333,0.866667,0.285714,0.392857,0.571429,0,0.035714,0.285714,0.357143,0.464286,0.5,-20.1
AUCACAUU---GCCAGGGAUUUCC,-AGUGUAAUUUCGGUCCC------,0.571429,1,0.25,0.416667,0.583333,0,0,0.333333,0.333333,0.416667,0.5,-20.5
UGAGGUAGG----AGGUUGUAUAGU,-CUCCAUCCCCCUUCCAAC------,0.561905,1,0.24,0.44,0.56,0,0,0.32,0.36,0.44,0.44,-19.3
UAGCAGCACAUAAUG-GUUUGUG,AUCGUCGUU-GUUACACA-----,0.554545,1,0.347826,0.304348,0.608696,0.043478,0.043478,0.434783,0.391304,0.304348,0.565217,-16.4
UAGCAGCAC-GUAAAUAUUGGCG,-UCGUCGUCGAAUUUAUA-----,0.518182,1,0.434783,0.304348,0.608696,0.086957,0,0.478261,0.391304,0.304348,0.521739,-14
CCCAGUGUUUAGACUAUCUGUUC,GGGUCAC------GAUAGAC---,0.530435,1,0.26087,0.391304,0.608696,0,0,0.347826,0.391304,0.391304,0.478261,-16.1
AGCAGCAUU-----GUACAGGGCUAUGA,UCGU-GUAAGGUGUCAUGUUUCGA----,0.626087,0.966667,0.321429,0.357143,0.571429,0,0.071429,0.392857,0.5,0.25,0.5,-16.5
AUCACAUUGCCAGGGAUUUCCA,CAGUGAAA-GGUCACUCAAGGU,0.654545,0.733333,0.409091,0.045455,0.772727,0.181818,0,0.590909,0.454545,0.454545,0.454545,-13.8
AUCACA-UUGCCAGGGAUUUCCA,GAGUCAAGGCGGUGCC-GGAGGU,0.5,0.3,0.217391,0.086957,0.565217,0.173913,0.173913,0.434783,0.652174,0.434783,0.391304,-15.9
AUCACAUUGC-CAGGGAUUUCCA,UGGUG-AAUUAGUUUUUUCAGGA,0.463636,0.833333,0.304348,0.086957,0.521739,0.173913,0.217391,0.478261,0.434783,0.304348,0.695652,-7.5
AUCACAUUG-CCAGGGAUUUCCA,UAGUGUAUUUUUUCUUUAGAGC-,0.5,1,0.391304,0.086957,0.565217,0.173913,0.173913,0.434783,0.347826,0.347826,0.782609,-12.2
UAUUGCACAUUACUAAGUUGC,AUAACGU-------UUCGACG,0.561905,1,0.380952,0.333333,0.619048,0,0.047619,0.47619,0.285714,0.333333,0.571429,-6.51
UAAAGUGCUUAUAGUGCAGGUAG-,CUUUCACGUCAAUCUCGGGGGGGU,0.26087,1,0.25,0.041667,0.5,0.416667,0.041667,0.416667,0.625,0.333333,0.583333,-11.12
UAAAGUGCUUA------------------UAGUGC--AGGUAG-,GUUUCACGUCUAACCUCCCACCCCGUCUCGUCACCCCUCCGUCC,0.504348,1,0.204545,0.477273,0.386364,0.068182,0.068182,0.272727,0.272727,0.568182,0.409091,-12.5
CAAAGUGCUUACAGUGCAGGUAGU,CUUUCACGUCAAUCUCGGGGGGGU,0.166667,1,0.208333,0,0.458333,0.5,0.041667,0.416667,0.625,0.416667,0.541667,-9.54
CAAAGUGCUUA------------------CAGUGC--AGGUAGU,GUUUCACGUCUAACCUCCCACCCCGUCUCGUCACCCCUCCGUCC,0.533333,1,0.204545,0.454545,0.431818,0.090909,0.022727,0.272727,0.272727,0.613636,0.386364,-17.55
UAGGUAGUUUCAUGUUGUUGGG,AUCCAUCAAAAUCCCCUCAUCC,0.563636,1,0.409091,0,0.681818,0.227273,0.090909,0.454545,0.363636,0.5,0.681818,-8.56
UAACAGUCUACAGCCAUGGUCG,#NAME?,0.363636,1,0.227273,0.045455,0.545455,0.318182,0.090909,0.409091,0.545455,0.454545,0.545455,-11.05
UGAGAUGAAGCACUGUA--GCUCA,ACUCUACUUUUAGGCGCCGCGGCA,0.472727,1,0.25,0.083333,0.541667,0.208333,0.166667,0.458333,0.5,0.5,0.458333,-17
UGGAAUGU----AAAGAAGUAUGUA,ACCUUACGAAAAGAAGUUUAUAGGU,0.466667,1,0.4,0.16,0.52,0.2,0.12,0.76,0.44,0.12,0.52,-8.5
UGGAAUGUAAAGAAGUAUGUA,ACCUUACAUGUC-ACGUAUAA,0.638095,1,0.47619,0.047619,0.714286,0.142857,0.095238,0.761905,0.380952,0.238095,0.571429,-13.4
AUCACAUUAGUAGGGAUUUCC,AAGUGUAAAUGACCUUAACAA,0.428571,1,0.380952,0,0.571429,0.285714,0.142857,0.761905,0.333333,0.333333,0.571429,-11.2
AUCACAUU---GCC----AGGGAUUU,AAGUGUAAGAGUGGCCGAACCC-GAG,0.568421,1,0.230769,0.307692,0.5,0.076923,0.115385,0.5,0.5,0.346154,0.346154,-11
AUCACAUUG-CCAGGGAUUUCC,UAGUGUAAUUCGUAGUUGAGAU,0.457143,1,0.409091,0.045455,0.545455,0.227273,0.181818,0.5,0.454545,0.318182,0.681818,-9.8
AUCACAUU-------GCCA-GGGAUUUCC,UAGUGUAAAAAUUUUCGGUAAAUUAAAAU,0.580952,1,0.37931,0.275862,0.551724,0.137931,0.034483,0.62069,0.275862,0.241379,0.586207,-12.41
UACAGUACUGUGAUAA--CUGA,GUGUCAUGA-GCUCCAAGGACU,0.6,1,0.363636,0.136364,0.636364,0.136364,0.090909,0.545455,0.454545,0.363636,0.5,-10.8
UACAGUACU---GUGAUAACUGA,AUGUCAUGAAUCCAUACUUGAAG,0.61,1,0.434783,0.130435,0.652174,0.173913,0.043478,0.652174,0.347826,0.304348,0.565217,-12.4
UACAGUACUGUGAUAACUGA,AUGUCAUG-UAUUGU-CUCU,0.6,1,0.45,0.1,0.65,0.1,0.15,0.5,0.35,0.3,0.75,-10.7
UGUGCAAAUCUAUGCAAAACUGA,ACACGUUUUG--ACGUUUUAAGU,0.686957,1,0.521739,0.086957,0.782609,0.130435,0,0.608696,0.347826,0.304348,0.652174,-15.5
UGGCAGUGUCUUAGCUGGUUGU,UCCGUCACGGCGUCCGCCGGCC,0.527273,1,0.136364,0,0.590909,0.181818,0.227273,0.136364,0.681818,0.636364,0.545455,-24.6
UGGCAGUGUCUUAGCUGGUUUGU,UCCGUCACG--UACGAAG-AAUA,0.426087,1,0.26087,0.130435,0.565217,0.217391,0.086957,0.391304,0.521739,0.347826,0.608696,-15.32
UGGCAGUGUCUUAG-CGUGUUGU,UCCGUCACAGAAAGGGGUCUUUU,0.372727,1,0.217391,0.043478,0.565217,0.347826,0.043478,0.304348,0.608696,0.347826,0.695652,-17.2
UGGAAUGUAAAGAAGUAUGUAU,UCCUUACAAUUCACCGUGACUC,0.418182,1,0.363636,0,0.590909,0.318182,0.090909,0.636364,0.363636,0.363636,0.636364,-13.3
UGGAAUGU--AAAGAAGUAUGUAU,ACCUUACAGAGUUUAUGGUACGGG,0.545455,1,0.416667,0.083333,0.583333,0.166667,0.166667,0.625,0.541667,0.166667,0.583333,-11.6
CAGUGCAA--UGUU-AAA--AGGGC,UUCACGUUCUACGUCUUUGGACCCG,0.67,1,0.32,0.2,0.64,0.12,0.04,0.4,0.44,0.44,0.52,-10.8
UUCAAGUA--AUCCAGGAUAGGCU,CAGUUCAUAAUAG-----UUCCGA,0.563636,1,0.375,0.291667,0.625,0.083333,0,0.541667,0.333333,0.333333,0.5,-8.4
AUCACAUUGCCAGGGAUUUCC,CAGUGUAAACUAUGUUAAAAU,0.314286,1,0.428571,0,0.52381,0.380952,0.095238,0.666667,0.333333,0.380952,0.619048,-6.9
AUCACAUUGCCAGGGAUUUCC,CAGUGUAAUUUUA-CUAAGUU,0.409524,1,0.428571,0.047619,0.571429,0.285714,0.095238,0.52381,0.333333,0.380952,0.714286,-9.7
UGAGGU-AG-UAGGUUGU--AUAGUU,GCUCCUUUUUUUUUGA-AGGUGACAG,0.436364,0.7,0.269231,0.192308,0.423077,0.115385,0.269231,0.346154,0.538462,0.153846,0.769231,-3.09
UGAGGUAGUAGGUUGUA-UAGUU,-CUCCGU--UCUACUGUGAUUA-,0.518182,0.866667,0.347826,0.217391,0.521739,0.043478,0.217391,0.347826,0.478261,0.217391,0.73913,-6.3
UGAGGU-AGUAGGUUGUA---UAGUU,ACUCCUUUUAUUCUACAUCCCG-UAA,0.618182,0.7,0.384615,0.192308,0.576923,0.076923,0.153846,0.423077,0.346154,0.307692,0.730769,-11.7
UGAGGUA-GUAG-GUUGUAU-AGUU,GCUCCGUGC-UCUUAGCGAACUUGG,0.554545,0.866667,0.24,0.16,0.48,0.04,0.32,0.32,0.6,0.28,0.64,-10.72
UGAGGU-AGUAGGUU-GUA-UAGUU,ACUCCAGUCCU-CAAGCCUGGUCGG,0.663636,0.966667,0.36,0.16,0.64,0.08,0.12,0.36,0.56,0.36,0.56,-8.8
UGAGGUAGU-AGGUUGUAU-AGUU,ACUCCG--GUUCCA-CCCACUUAG,0.527273,0.666667,0.291667,0.208333,0.541667,0.083333,0.166667,0.375,0.458333,0.375,0.583333,-10.67
UGAGGUA----GU-AGGUUGU-AUAGUU,GCUCCAUGACACAGUUCAGAAUUGUGGG,0.581818,1,0.321429,0.214286,0.5,0.071429,0.214286,0.428571,0.571429,0.214286,0.571429,-10.1
UGAGGUAGUAG--GUU--G-UAUA---GUU,#NAME?,0.418182,0.566667,0.266667,0.333333,0.366667,0.066667,0.233333,0.366667,0.566667,0.133333,0.6,-3.9
UGAGGUA-GUAG--GUUGU-AUAGUU,ACUCC-UCCAUCAAUAAGACUCUUGA,0.654545,0.933333,0.423077,0.192308,0.615385,0.076923,0.115385,0.5,0.384615,0.307692,0.615385,-10.21
UGAGGUAGUA------GGUUGUAUAGUU,#NAME?,0.545455,0.966667,0.214286,0.285714,0.464286,0.035714,0.214286,0.392857,0.535714,0.285714,0.5,-12.9
UGAGGUAGUAGGUUGUAUAGUU,-CUCCA-CA-CAAACACGACA-,0.527273,0.966667,0.318182,0.181818,0.636364,0.136364,0.045455,0.590909,0.409091,0.363636,0.454545,-6.8
UGAGGU-AGUAGGUUGU-----AUAGUU,ACUCCAAACUUUUAGUGACUAGUGUCGA,0.545455,0.7,0.285714,0.214286,0.464286,0.071429,0.25,0.464286,0.464286,0.214286,0.642857,-6.9
UGAGGUAG---U----AGG---UUGUA---UAGUU,#NAME?,0.645455,0.966667,0.285714,0.457143,0.485714,0,0.057143,0.314286,0.257143,0.457143,0.514286,-2.79
UGAGG----UAGUAGGUUGUAUAGUU,#NAME?,0.6,0.733333,0.346154,0.230769,0.576923,0.076923,0.115385,0.461538,0.423077,0.230769,0.653846,-11.4
UGAGGUAGUAGGUUGUA---UAGUU,ACUCCACUAUUCGGAGUCCUUUUAA,0.536364,0.733333,0.36,0.12,0.52,0.12,0.24,0.44,0.44,0.28,0.72,-12.01
UGAGGUAG--UAGG-UUG----UA-UAGUU,ACUCCAUUUGAUCUUAAGAAAAGUCGUUAG,0.636364,1,0.366667,0.266667,0.5,0.033333,0.2,0.5,0.433333,0.166667,0.633333,-8.27
UGAGGU-AGUAGGUUGUAUAGUU,#NAME?,0.554545,0.833333,0.347826,0.217391,0.565217,0.043478,0.173913,0.478261,0.521739,0.217391,0.565217,-8.11
UAGCAGCACAUAAUGGUUUGUG,AUCGUCGUGUCCUAACCUAUAA,0.527273,1,0.409091,0,0.681818,0.272727,0.045455,0.545455,0.409091,0.409091,0.636364,-13.79
UAGCAGCACGUAAAUAUUGGCG,AUCGUCGUGUCCUAACCUAUAA,0.272727,1,0.272727,0,0.5,0.409091,0.090909,0.590909,0.409091,0.454545,0.545455,-12.46
UGUCAGUUU--GUCAAAUACCCCA-,ACAGUCAAAGACAGUUU--------,0.590909,1,0.4,0.4,0.6,0,0,0.52,0.24,0.36,0.44,-15.5
AGCUACAUCUGGCUACUGGGUCUC,ACGAUGUAUUCUUAGGUUUGAUUC,0.233333,1,0.25,0,0.458333,0.416667,0.125,0.375,0.458333,0.416667,0.75,-7.46
AGCUACAUCUGGCUACUGGGUCUC,ACGAUGUAUUCUUAGGUUUGAUUC,0.233333,1,0.25,0,0.458333,0.416667,0.125,0.375,0.458333,0.416667,0.75,-7.46
UGGAAUGUAAAGAAGUAUGUA,UCCUUACAAGAC-UAGUUUUU,0.333333,1,0.333333,0.047619,0.52381,0.333333,0.095238,0.666667,0.380952,0.190476,0.714286,-6.21
UGGAAUGUAAAGAAGUAUGUA,ACCUUACUCGUGCACCGACAC,0.314286,1,0.333333,0,0.571429,0.428571,0,0.666667,0.428571,0.428571,0.47619,-7.75
UUGGUCCCCUUCAACC-AGCUGU,CACCAAGGGAGGUUGGGUCCUCG,0.627273,0.733333,0.26087,0.043478,0.695652,0.173913,0.086957,0.304348,0.565217,0.608696,0.478261,-22.2
UUGGUCCCCUUCAACCAGCUGU,UGCCAGGGUAACCCAUUCGAUU,0.345455,0.866667,0.227273,0,0.545455,0.363636,0.090909,0.363636,0.409091,0.636364,0.590909,-14.69
UACCCUGU---AGAU-CCGA---AUUUGUG,GUGGGACAAAAUCAUUGGAUUUGUAAAGAU,0.591304,1,0.333333,0.233333,0.566667,0.133333,0.066667,0.533333,0.433333,0.233333,0.566667,-11.3
UUAAUGCUAAUCGUGAUAGGGG,GAUUACGAGUAAACCAUCACUU,0.309091,1,0.318182,0,0.5,0.363636,0.136364,0.636364,0.454545,0.318182,0.590909,-7.56
UCGGAUCCGUCUGAGCUUGGCU,AGUCUAGGCACAGACGGACGUC,0.490909,0.866667,0.272727,0,0.636364,0.272727,0.090909,0.363636,0.636364,0.545455,0.454545,-20.4
CAGUGGUUUUACCCUAUGGUAG,CUCACCAAAUGUGUCUCUGACA,0.236364,1,0.318182,0,0.5,0.454545,0.045455,0.454545,0.409091,0.5,0.636364,-6.87
CAAAGUGCUUACAGUGCAGGUAGU,GUUUCACGAA--UCAAGACCAUCU,0.7,1,0.416667,0.083333,0.791667,0.125,0,0.583333,0.416667,0.416667,0.5,-18
UUCACAG-UG---GCUAAGUUCUG,AAGUGUCCAUUUCCGAUUCAAGAC,0.92,1,0.458333,0.166667,0.791667,0,0.041667,0.458333,0.375,0.416667,0.583333,-18.5
UGGAAUGUAAGGAAGUGU--GUGG-,UCCUUACA--CCUAAACGAGAACCC,0.536364,1,0.28,0.2,0.6,0.16,0.04,0.56,0.48,0.36,0.4,-13.2
UGGAAUGUAAGGAAGUGU---GUGG,UCCUUACAUU--UUUACAUUUCACC,0.754545,1,0.44,0.2,0.72,0.04,0.04,0.44,0.4,0.28,0.68,-12.9
GUGCCUACUGAGCUGAUAUCAGU,GACGGAUGGCUAGUGUUUAUUAC,0.408696,1,0.347826,0,0.608696,0.347826,0.043478,0.434783,0.565217,0.347826,0.652174,-14.46
UGGAAUGU--------------AAGGAAGUGUGUGG,ACCUUACAAAAUCGUCCCUGAAUUCCU---------,0.381818,1,0.222222,0.638889,0.361111,0,0,0.388889,0.333333,0.25,0.388889,-12.1
UGGAAUGU-AAGGAAGUGUGUGG,ACCUUACAGUUUGUUUAAUCA--,0.590909,1,0.478261,0.130435,0.652174,0.130435,0.086957,0.521739,0.521739,0.173913,0.652174,-10.9
UGGAAUGUAAAGAAGUAUGUA,ACCUUACA--AAAUCGUCCCU,0.466667,1,0.380952,0.095238,0.619048,0.238095,0.047619,0.714286,0.333333,0.333333,0.52381,-9.3
UGGAAUGU-AAAGAAGUAUGUA,ACCUUACAGUUUGUUUAAUCA-,0.666667,1,0.545455,0.090909,0.727273,0.136364,0.045455,0.681818,0.363636,0.181818,0.681818,-10.4
UAGCACCAUUUGAAAUCAGUGUU,AUCGUGGUACACUCUGGUGACCA,0.686957,1,0.478261,0,0.782609,0.173913,0.043478,0.521739,0.434783,0.434783,0.608696,-21.1
AACAUUCAUU--GCU-GUCGGUG-GG,#NAME?,0.563636,0.833333,0.153846,0.230769,0.538462,0.076923,0.153846,0.269231,0.653846,0.461538,0.384615,-17.7
#NAME?,CACCUCACAGUGUUAAAGUACCUGACA,0.686957,1,0.407407,0.148148,0.666667,0.111111,0.074074,0.481481,0.481481,0.333333,0.555556,-18
UGGAGUG-UGACAAUGGU-GUUUGU,UCCCCACUACUGU-ACCGGUAAAGG,0.617391,0.733333,0.32,0.12,0.64,0.12,0.12,0.4,0.56,0.36,0.56,-15.1
UGGAGUGUG---ACAAUGGUGUUUGU,UCCUCACACACACUUUACCACGACCG,0.626087,1,0.307692,0.115385,0.653846,0.153846,0.076923,0.423077,0.423077,0.5,0.538462,-22.7
UCCCUGAG-ACCCUUUA--AC--CUGUG,AGGGACUCCUGUGUAGUCCCGAAGACGC,0.678261,1,0.25,0.178571,0.642857,0.107143,0.071429,0.357143,0.464286,0.571429,0.428571,-14.1
UCCCUGAGACCCUAACUUGUGA,AGGGACUCACGG--UGUCC-CU,0.545455,1,0.227273,0.136364,0.681818,0.181818,0,0.363636,0.454545,0.590909,0.454545,-13.63
UUGGUCCCCUUCAACCAGCUGU,GACCAGGGG---CGAAAAGACU,0.290909,1,0.136364,0.136364,0.5,0.318182,0.045455,0.454545,0.5,0.545455,0.363636,-14.76
UUGGUCCC-CU------UCA------ACCAGCUGU,AACCAGGGUGGACCAACAGUCAAAAUCUUUUGACG,0.554545,1,0.2,0.371429,0.457143,0.085714,0.085714,0.428571,0.342857,0.457143,0.4,-11.65
UGGCAGUGU--CUUAGCUGGUUGUU,ACCGUCACAAAUGUUUAAUUAACG-,0.547826,1,0.32,0.12,0.56,0.12,0.2,0.44,0.44,0.32,0.68,-14.2
UUGGUCCCCUUCAACCAGCUGU,ACACAGGGGACCGCCACGUACA,0.2,0.466667,0.227273,0,0.5,0.5,0,0.454545,0.454545,0.727273,0.363636,-13.82
UUGGUCCCCUUCAACCAGCUGU,GUCCAGGGGUCGUACGUGGUCA,0.454545,0.733333,0.181818,0,0.636364,0.318182,0.045455,0.272727,0.590909,0.590909,0.545455,-14.1
UUGGUCCCCUUCAACCAGCUGU,GUGGAGGGGACCGACGAGGCAC,0.018182,0.2,0.090909,0,0.363636,0.590909,0.045455,0.363636,0.681818,0.590909,0.363636,-7.56
UUGGUCCCCUU-CAACCAGCUGU,UGACAGGGGGGUCUUCCACUUU-,0.209091,0.6,0.130435,0.086957,0.391304,0.347826,0.173913,0.26087,0.478261,0.565217,0.608696,-11.46
CUGACCUA---UGAAUUGACAGCC,AACUGGAUUUUAAUUUACUUACGU,0.514286,1,0.375,0.125,0.625,0.25,0,0.541667,0.291667,0.375,0.666667,-8.4
UAGCUUAU-CAGACUGAUGUUGA,#NAME?,0.463636,1,0.391304,0.086957,0.608696,0.26087,0.043478,0.652174,0.347826,0.304348,0.608696,-6.84
UGAGGUAGUAGGUUGUAUAGUU,ACUCCGUCCUCUUAGAGAACAU,0.490909,0.866667,0.363636,0,0.636364,0.272727,0.090909,0.5,0.5,0.318182,0.681818,-11.45
#NAME?,AUCCAUCUA-UCGAAAGUGACUAC,0.381818,0.966667,0.333333,0.125,0.541667,0.291667,0.041667,0.5,0.333333,0.375,0.666667,-11.5
GGUAGAUU---CUCCUUCUAUGAGU,UCAUCUAAACAGAAUAAAAUUUUCG,0.572727,1,0.44,0.12,0.6,0.16,0.12,0.6,0.28,0.32,0.68,-4.08
GGUAGAUU-C--UCCUUCUAUGAGU,CCAUCUAAUGUCCGG--UCAUCUUA,0.463636,1,0.28,0.2,0.56,0.2,0.04,0.36,0.32,0.44,0.68,-7.07
GGUAGAUUCUCCUUCUAUGAGU,ACAUCUAAAAUUAUGAUUGAAA,0.345455,1,0.454545,0,0.590909,0.409091,0,0.681818,0.318182,0.272727,0.727273,-7
ACAUCUAA-AGGUGUCCCUAAG-UUCUCA,ACAUCUAA-AGGUGUCCCUAAG-UUCUCA,-0.614815,-0.6,0,0.068966,0,0.931034,0,0.551724,0.275862,0.482759,0.551724,-6.6
--GGUAGAUU-CUCCUUCUAUGAGU--,GUUCAUCUAAUG----UGU-UCUCGUA,0.390909,0.833333,0.222222,0.37037,0.444444,0.111111,0.074074,0.296296,0.333333,0.296296,0.703704,-7.79
GGUAGAUUCUCC-------UUCUAUGAGU,ACAUCUAA-AGGUGUCCCUAAG-UUCUCA,0.681818,1,0.37931,0.310345,0.62069,0.068966,0,0.413793,0.310345,0.37931,0.586207,-9.81
--GGUAGAUU-CUCCUUCUAUGAGU--,GUUCAUCUAAUG----UGU-UCUCGUA,0.390909,0.833333,0.222222,0.37037,0.444444,0.111111,0.074074,0.296296,0.333333,0.296296,0.703704,-7.79
GGUGGAUUCUCCUUCU--AUGAGU,CCACCUAA-AAUAAGAGUUUUUCG,0.636364,1,0.416667,0.125,0.666667,0.125,0.083333,0.458333,0.375,0.375,0.666667,-10.9
GGUGGAU------UC-UCCUUCUAUGAGU,CUACCUAGUCCGAAGAAGGAGGGUUCUUU,0.645455,0.866667,0.275862,0.241379,0.551724,0.068966,0.137931,0.344828,0.482759,0.344828,0.586207,-16.3
GGUGGAUUCUCCU-UCUAUGAGU,AUACCCGGGGGGGCGGGUACCC-,0.463636,0.466667,0.130435,0.086957,0.478261,0.130435,0.304348,0.26087,0.695652,0.478261,0.478261,-17.9
GGUGGAU----UCUCCUUCU--AUGAGU,CCACUUAUGUCCCGGGAAGAGUGACUCG,0.618182,0.866667,0.285714,0.214286,0.571429,0.107143,0.107143,0.321429,0.5,0.428571,0.535714,-17
GGUGGAUUCUCCUUCUAUGAGU,CCACCUA----------AUUCG,0.381818,1,0.227273,0.454545,0.454545,0,0.090909,0.272727,0.318182,0.409091,0.545455,-7.45
GGUGGAUUCUCCUUCUAUGAGU,CCACCUAA----AUGGUCUUCG,0.527273,1,0.318182,0.181818,0.590909,0.090909,0.136364,0.318182,0.409091,0.454545,0.636364,-9.3
